-  
  name: meeting_table
  frame_id: map
  radius: 0.5
  height: 1.0
  pose:
    position:
      x: -2.41103553772
      y: 1.44531047344
      z: 0.0
    orientation:
      x: 0.0
      y: 0.0
      z: 0.0
      w: 1.0
