-  
  name: workshop_tables
  frame_id: map
  length: 4.0
  width:  0.000001
  height: 1.0
  pose:
    position: 
      x: 2.0
      y: 1.0
      z: 0.0
    orientation: 
      x: 0.0
      y: 0.0
      z: -0.496512754198
      w: 0.868029426298
-
  name: side_table
  frame_id: map
  length: 1.0
  width:  0.000001
  height: 1.0
  pose:
    position: 
      x: -1.13380634785
      y: 4.51806879044
      z: 0.0
    orientation: 
      x: 0.0
      y: 0.0
      z: 0.866655744361
      w: 0.498906625297